        Frequency / GHz                S1,1/abs,dB
----------------------------------------------------------------------
                       7                     -0.11192822
               7.0050001                      -0.1113567
               7.0099998                     -0.11083391
               7.0149999                      -0.1103669
               7.0200005                     -0.10996132
               7.0250001                      -0.1096218
               7.0300002                     -0.10935045
               7.0349998                      -0.1091512
                    7.04                       -0.109026
               7.0450001                      -0.1089771
               7.0499997                     -0.10900209
               7.0549998                     -0.10910278
               7.0599999                     -0.10927592
               7.0650001                     -0.10951946
               7.0700002                     -0.10983116
               7.0749998                     -0.11020495
               7.0799999                     -0.11063689
                   7.085                     -0.11112251
               7.0899997                     -0.11165463
               7.0950003                     -0.11222674
               7.1000004                     -0.11283263
                   7.105                     -0.11346459
               7.1100001                     -0.11411575
               7.1149998                     -0.11477767
               7.1199999                     -0.11544364
                   7.125                      -0.1161051
               7.1299996                     -0.11675681
               7.1350002                     -0.11738845
               7.1399999                     -0.11799604
                   7.145                       -0.118571
               7.1500001                     -0.11910919
               7.1549997                     -0.11960473
               7.1599998                     -0.12005231
                   7.165                     -0.12044823
               7.1700001                     -0.12078978
               7.1750002                     -0.12107305
               7.1800003                      -0.1212969
               7.1849999                     -0.12146074
               7.1900001                     -0.12156262
               7.1949997                     -0.12160625
               7.1999998                     -0.12158908
               7.2050004                     -0.12151584
                    7.21                     -0.12138881
               7.2150002                     -0.12121009
               7.2199998                     -0.12098529
               7.2249999                     -0.12071932
                    7.23                     -0.12041506
               7.2349997                     -0.12007956
               7.2399998                      -0.1197191
               7.2450004                     -0.11933908
                    7.25                     -0.11894662
               7.2550001                     -0.11854759
               7.2600002                     -0.11814917
               7.2649999                     -0.11775722
                    7.27                      -0.1173789
               7.2749996                     -0.11701965
               7.2800002                     -0.11668581
               7.2850003                     -0.11638314
                    7.29                     -0.11611722
               7.2950001                     -0.11589237
               7.2999997                     -0.11571249
               7.3049998                     -0.11558105
               7.3099999                     -0.11550288
               7.3149996                     -0.11547891
               7.3200002                     -0.11551137
               7.3250003                      -0.1156007
               7.3299999                     -0.11574884
                   7.335                     -0.11595456
               7.3400002                     -0.11621653
               7.3449998                     -0.11653409
               7.3499999                     -0.11690451
                   7.355                     -0.11732614
               7.3600001                     -0.11779364
               7.3650002                     -0.11830497
               7.3699999                      -0.1188555
                   7.375                     -0.11944026
               7.3799996                     -0.12005367
               7.3849998                     -0.12069196
               7.3900003                      -0.1213476
                   7.395                     -0.12201679
               7.4000001                     -0.12269366
               7.4050002                     -0.12337179
               7.4099998                     -0.12404478
                   7.415                     -0.12470934
               7.4200001                     -0.12535945
               7.4249997                     -0.12599018
               7.4300003                      -0.1265954
               7.4349999                      -0.1271727
               7.4400001                     -0.12771788
               7.4450002                     -0.12822771
               7.4499998                     -0.12869948
               7.4549999                     -0.12913043
               7.4599996                     -0.12951908
               7.4650002                     -0.12986443
               7.4700003                     -0.13016608
               7.4749999                     -0.13042493
                    7.48                     -0.13064024
               7.4850001                     -0.13081536
               7.4899998                     -0.13095023
               7.4949999                     -0.13104786
               7.5000005                     -0.13111107
               7.5050001                     -0.13114515
               7.5100002                     -0.13115054
               7.5149999                     -0.13113401
                    7.52                     -0.13109961
               7.5250001                     -0.13105075
               7.5299997                     -0.13099345
               7.5349998                     -0.13093364
                    7.54                     -0.13087476
               7.5450001                     -0.13082225
               7.5500002                     -0.13078108
               7.5549998                     -0.13075779
               7.5599999                     -0.13075527
               7.5650001                     -0.13077943
               7.5699997                      -0.1308327
               7.5750003                     -0.13092169
               7.5800004                     -0.13104718
                   7.585                     -0.13121377
               7.5900002                     -0.13142397
               7.5949998                      -0.1316798
               7.5999999                     -0.13198266
                   7.605                      -0.1323335
               7.6099997                      -0.1327339
               7.6150002                     -0.13318285
               7.6199999                     -0.13368047
                   7.625                     -0.13422571
               7.6300001                     -0.13481594
               7.6349998                     -0.13545145
               7.6399999                     -0.13612682
                   7.645                     -0.13684269
               7.6500001                     -0.13759303
               7.6550002                     -0.13837436
               7.6600003                     -0.13918347
                   7.665                     -0.14001767
               7.6700001                     -0.14087022
               7.6749997                      -0.1417381
               7.6799998                     -0.14261586
               7.6850004                     -0.14349968
               7.6900001                     -0.14438434
               7.6950002                      -0.1452662
               7.6999998                     -0.14614059
               7.7049999                     -0.14700356
                    7.71                      -0.1478516
               7.7149997                     -0.14867977
               7.7199998                     -0.14948674
               7.7250004                     -0.15026911
                    7.73                     -0.15102345
               7.7350001                     -0.15174949
               7.7400002                     -0.15244481
               7.7449999                     -0.15310895
                    7.75                     -0.15374117
               7.7549996                     -0.15434129
               7.7600002                     -0.15490961
               7.7650003                     -0.15544788
                    7.77                      -0.1559573
               7.7750001                     -0.15643963
               7.7799997                     -0.15689794
               7.7849998                      -0.1573332
                    7.79                     -0.15775074
               7.7949996                     -0.15815248
               7.8000002                     -0.15854305
               7.8050003                     -0.15892598
               7.8099999                     -0.15930552
               7.8150001                     -0.15968575
               7.8200002                     -0.16007223
               7.8249998                     -0.16046684
               7.8299999                      -0.1608758
                   7.835                     -0.16130312
               7.8400002                     -0.16175345
               7.8450003                     -0.16223045
               7.8499999                     -0.16273658
                   7.855                     -0.16327685
               7.8599997                      -0.1638545
               7.8649998                     -0.16447097
               7.8700004                     -0.16512995
                   7.875                      -0.1658332
               7.8800001                     -0.16658214
               7.8850002                     -0.16737764
               7.8899999                      -0.1682224
                   7.895                     -0.16911352
               7.9000001                     -0.17005307
               7.9049997                     -0.17103983
               7.9100003                     -0.17207261
                   7.915                     -0.17314943
               7.9200001                     -0.17426774
               7.9250002                     -0.17542746
               7.9299998                     -0.17662462
               7.9349999                     -0.17785549
               7.9399996                     -0.17911814
               7.9450002                     -0.18040784
               7.9500003                     -0.18172134
               7.9549999                     -0.18305537
                    7.96                     -0.18440521
               7.9650002                     -0.18576745
               7.9699998                     -0.18713744
               7.9749999                     -0.18851237
                    7.98                     -0.18988731
               7.9850001                     -0.19125912
               7.9900002                     -0.19262458
               7.9949999                     -0.19398115
                       8                     -0.19532316
               8.0050001                     -0.19665133
               8.0100002                     -0.19796189
               8.0150003                     -0.19925272
               8.0199995                     -0.20052386
               8.0249996                     -0.20177328
               8.0299997                      -0.2029991
               8.0349998                     -0.20420492
                    8.04                     -0.20538722
               8.0450001                     -0.20654778
               8.0500002                     -0.20768982
               8.0550003                     -0.20881323
               8.0600004                      -0.2099202
               8.0649996                     -0.21101275
               8.0699997                     -0.21209579
               8.0749998                     -0.21316928
               8.0799999                     -0.21423856
                   8.085                     -0.21530663
               8.0900002                     -0.21637768
               8.0950003                     -0.21745566
               8.0999994                     -0.21854318
               8.1049995                     -0.21964614
               8.1099997                     -0.22076831
               8.1149998                     -0.22191318
               8.1199999                     -0.22308476
                   8.125                     -0.22428761
               8.1300001                     -0.22552339
               8.1350002                     -0.22679806
               8.1400003                     -0.22811314
               8.1449995                     -0.22947093
               8.1500006                     -0.23087621
               8.1549997                     -0.23233017
               8.1599998                     -0.23383308
                   8.165                     -0.23538812
               8.1700001                     -0.23699546
               8.1750002                       -0.238656
               8.1799994                     -0.24036918
               8.1849995                     -0.24213559
               8.1900005                     -0.24395365
               8.1949997                     -0.24582185
               8.1999998                     -0.24773972
               8.2049999                     -0.24970541
                    8.21                     -0.25171527
               8.2150002                     -0.25376834
               8.2200003                     -0.25586035
               8.2250004                     -0.25798918
               8.2300005                     -0.26015246
               8.2349997                     -0.26234393
               8.2399998                     -0.26456172
               8.2449999                     -0.26680288
                    8.25                     -0.26906191
               8.2550001                     -0.27133701
               8.2599993                     -0.27362482
               8.2650003                     -0.27592017
               8.2700005                     -0.27822208
               8.2749996                     -0.28052455
               8.2799997                     -0.28282753
               8.2849998                     -0.28512742
                    8.29                     -0.28742193
               8.2950001                     -0.28970969
               8.3000002                     -0.29198964
               8.3050003                     -0.29426041
               8.3100004                     -0.29652076
               8.3149996                     -0.29877146
               8.3199997                     -0.30101185
               8.3249998                      -0.3032438
               8.3299999                     -0.30546848
                   8.335                     -0.30768615
               8.3400002                     -0.30989968
               8.3450003                     -0.31211104
               8.3500004                     -0.31432183
               8.3549995                     -0.31653716
               8.3599997                     -0.31875953
               8.3649998                     -0.32099275
               8.3699999                     -0.32323897
                   8.375                     -0.32550464
               8.3800001                     -0.32779071
               8.3850002                     -0.33010434
               8.3900003                     -0.33244808
               8.3949995                     -0.33482527
               8.3999996                     -0.33724238
               8.4049997                     -0.33970127
               8.4099998                     -0.34220631
                   8.415                     -0.34476168
               8.4200001                     -0.34737072
               8.4250002                     -0.35003525
               8.4300003                     -0.35275943
               8.4349995                     -0.35554583
               8.4399996                     -0.35839437
               8.4450006                     -0.36130966
               8.4499998                     -0.36429195
               8.4549999                     -0.36734045
                    8.46                     -0.37045817
               8.4650002                     -0.37364346
               8.4700003                     -0.37689523
               8.4749994                     -0.38021494
               8.4799995                     -0.38359972
               8.4850006                     -0.38704824
               8.4899998                     -0.39055939
               8.4949999                     -0.39413029
                     8.5                     -0.39775798
               8.5050001                     -0.40144069
               8.5100002                     -0.40517513
               8.5149994                     -0.40895644
               8.5200005                     -0.41278404
               8.5250006                     -0.41665192
               8.5299997                     -0.42055819
               8.5349998                     -0.42449957
                    8.54                     -0.42847107
               8.5450001                     -0.43247107
               8.5500002                     -0.43649628
               8.5549994                     -0.44054195
               8.5600004                     -0.44460778
               8.5650005                     -0.44869112
               8.5699997                     -0.45278813
               8.5749998                      -0.4568995
               8.5799999                     -0.46102056
                   8.585                     -0.46515394
               8.5900002                     -0.46929723
               8.5950003                     -0.47345161
               8.6000004                     -0.47761589
               8.6049995                     -0.48179238
               8.6099997                     -0.48598105
               8.6149998                     -0.49018605
               8.6199999                     -0.49440733
                   8.625                     -0.49864738
               8.6299992                     -0.50291197
               8.6350002                     -0.50720104
               8.6400003                     -0.51152073
               8.6450005                     -0.51587349
               8.6500006                     -0.52026425
               8.6549997                     -0.52469846
               8.6599998                     -0.52917877
                   8.665                     -0.53371174
               8.6700001                     -0.53830093
               8.6750002                      -0.5429517
               8.6799994                     -0.54767006
               8.6849995                     -0.55245799
               8.6899996                     -0.55732218
               8.6949997                     -0.56226751
               8.6999998                     -0.56729724
               8.7050009                     -0.57241483
                    8.71                     -0.57762424
               8.7150002                     -0.58293028
               8.7200003                     -0.58833308
               8.7250004                     -0.59383841
               8.7300005                     -0.59944571
               8.7349997                     -0.60515841
               8.7399998                     -0.61097618
               8.7449999                     -0.61690195
                    8.75                      -0.6229347
               8.7550001                     -0.62907432
               8.7600002                     -0.63532093
               8.7649994                     -0.64167335
               8.7699995                     -0.64813077
               8.7749996                     -0.65469092
               8.7800007                     -0.66135216
               8.7850008                     -0.66811128
                    8.79                     -0.67496752
               8.7950001                     -0.68191684
               8.8000002                     -0.68895661
               8.8050003                     -0.69608357
               8.8100004                     -0.70329488
               8.8149996                     -0.71058839
               8.8199997                     -0.71795917
               8.8249998                     -0.72540643
               8.8299999                     -0.73292675
                   8.835                     -0.74051714
               8.8399992                      -0.7481745
               8.8449993                     -0.75590029
               8.8499994                     -0.76368952
               8.8550005                     -0.77154134
               8.8600006                     -0.77945607
               8.8650007                     -0.78743426
               8.8699999                     -0.79547495
                   8.875                     -0.80357869
               8.8800001                     -0.81174657
               8.8850002                     -0.81998157
               8.8900003                     -0.82828585
               8.8949995                     -0.83666093
               8.8999996                     -0.84511168
               8.9049997                     -0.85364223
               8.9099998                     -0.86225623
                   8.915                      -0.8709588
               8.9200001                     -0.87975487
               8.9249992                     -0.88865022
               8.9300003                     -0.89765231
               8.9350004                     -0.90676734
               8.9400005                     -0.91600004
               8.9450006                      -0.9253594
               8.9499998                     -0.93485207
               8.9549999                     -0.94448504
                    8.96                     -0.95426547
               8.9650002                     -0.96420083
               8.9700003                     -0.97429853
               8.9749994                     -0.98456505
               8.9799995                      -0.9950079
               8.9849997                      -1.0056342
               8.9899998                      -1.0164489
               8.9949999                      -1.0274593
                8.999999                      -1.0386717
               9.0050001                        -1.05009
               9.0100002                      -1.0617196
               9.0150003                      -1.0735651
               9.0200005                      -1.0856315
               9.0250006                      -1.0979213
               9.0299997                      -1.1104382
               9.0349998                      -1.1231862
                    9.04                      -1.1361642
               9.0450001                      -1.1493773
               9.0500002                      -1.1628252
               9.0549994                      -1.1765093
               9.0599995                      -1.1904302
               9.0649996                      -1.2045878
               9.0699997                      -1.2189827
               9.0750008                      -1.2336154
               9.0800009                      -1.2484845
                   9.085                      -1.2635918
               9.0900002                      -1.2789341
               9.0950003                      -1.2945127
               9.1000004                      -1.3103269
               9.1050005                      -1.3263757
               9.1099997                      -1.3426614
               9.1149998                      -1.3591828
               9.1199999                      -1.3759417
                   9.125                      -1.3929397
               9.1300001                      -1.4101773
               9.1349993                       -1.427659
               9.1399994                      -1.4453845
               9.1449995                      -1.4633628
               9.1500006                      -1.4815924
               9.1550007                      -1.5000829
               9.1599998                       -1.518839
                   9.165                      -1.5378667
               9.1700001                      -1.5571743
               9.1750002                      -1.5767716
               9.1800003                      -1.5966656
               9.1850004                      -1.6168694
               9.1899996                      -1.6373921
               9.1949997                       -1.658246
               9.1999998                      -1.6794434
               9.2049999                      -1.7009995
                    9.21                      -1.7229278
               9.2149992                       -1.745243
               9.2199993                      -1.7679594
               9.2250004                      -1.7910963
               9.2300005                      -1.8146676
               9.2350006                      -1.8386924
               9.2400007                      -1.8631872
               9.2449999                      -1.8881707
                    9.25                       -1.913662
               9.2550001                      -1.9396786
               9.2600002                      -1.9662372
               9.2650003                      -1.9933608
               9.2699995                      -2.0210661
               9.2749996                      -2.0493715
               9.2799997                      -2.0782979
               9.2849998                      -2.1078618
                    9.29                      -2.1380847
               9.2949991                      -2.1689821
               9.3000002                      -2.2005744
               9.3050003                      -2.2328798
               9.3100004                      -2.2659173
               9.3150005                      -2.2997022
               9.3199997                      -2.3342556
               9.3249998                      -2.3695925
               9.3299999                      -2.4057347
                   9.335                      -2.4426952
               9.3400002                      -2.4804943
               9.3450003                      -2.5191515
               9.3499994                      -2.5586821
               9.3549995                      -2.5991056
               9.3599997                      -2.6404408
               9.3649998                      -2.6827077
               9.3700008                      -2.7259248
                   9.375                      -2.7701137
               9.3800001                      -2.8152971
               9.3850002                      -2.8614935
               9.3900003                      -2.9087301
               9.3950005                      -2.9570297
               9.4000006                      -3.0064194
               9.4049997                      -3.0569268
               9.4099998                      -3.1085797
                   9.415                      -3.1614086
               9.4200001                      -3.2154495
               9.4250002                      -3.2707365
               9.4299994                      -3.3273047
               9.4349995                      -3.3851966
               9.4399996                      -3.4444516
               9.4450006                       -3.505117
               9.4500008                      -3.5672376
               9.4549999                      -3.6308667
                    9.46                      -3.6960563
               9.4650002                      -3.7628618
               9.4700003                      -3.8313448
               9.4750004                      -3.9015684
               9.4799995                      -3.9736005
               9.4849997                      -4.0475066
               9.4899998                      -4.1233652
               9.4949999                      -4.2012514
                     9.5                      -4.2812496
               9.5050001                      -4.3634441
               9.5099993                      -4.4479219
               9.5149994                      -4.5347807
               9.5200005                      -4.6241179
               9.5250006                      -4.7160376
               9.5300007                      -4.8106469
               9.5349998                      -4.9080584
                    9.54                      -5.0083901
               9.5450001                      -5.1117654
               9.5500002                      -5.2183116
               9.5550003                       -5.328167
               9.5600004                       -5.441471
               9.5649996                      -5.5583698
               9.5699997                      -5.6790202
               9.5749998                      -5.8035844
               9.5799999                      -5.9322314
                   9.585                       -6.065142
               9.5899992                       -6.202505
               9.5950003                       -6.344518
               9.6000004                      -6.4913921
               9.6050005                      -6.6433468
               9.6100006                      -6.8006192
               9.6149998                      -6.9634589
               9.6199999                      -7.1321302
                   9.625                      -7.3069166
               9.6300001                      -7.4881215
               9.6350002                      -7.6760661
               9.6399994                      -7.8711022
               9.6449995                      -8.0736007
               9.6499996                      -8.2839673
               9.6549997                      -8.5026353
               9.6599998                       -8.730086
               9.6650009                      -8.9668299
               9.6700001                      -9.2134356
               9.6750002                      -9.4705172
               9.6800003                      -9.7387538
               9.6850004                      -10.018896
               9.6900005                      -10.311776
               9.6949997                      -10.618308
               9.6999998                      -10.939528
               9.7049999                      -11.276588
                    9.71                      -11.630783
               9.7150002                      -12.003584
               9.7200003                      -12.396661
               9.7249994                      -12.811923
               9.7299995                      -13.251573
               9.7349997                      -13.718152
               9.7400007                      -14.214623
               9.7450008                      -14.744466
                    9.75                      -15.311808
               9.7550001                      -15.921545
               9.7600002                      -16.579584
               9.7650003                      -17.293068
               9.7700005                      -18.070709
               9.7749996                      -18.923181
               9.7799997                      -19.863555
               9.7849998                      -20.907623
                    9.79                      -22.073596
               9.7950001                      -23.379833
               9.7999992                      -24.836077
               9.8049994                      -26.416038
               9.8099995                      -27.983936
               9.8150005                      -29.166626
               9.8200006                      -29.405103
               9.8250008                      -28.544587
               9.8299999                      -27.063203
                   9.835                      -25.448199
               9.8400002                      -23.919805
               9.8450003                      -22.537636
               9.8500004                      -21.301959
               9.8549995                      -20.196347
               9.8599997                      -19.202048
               9.8649998                       -18.30217
               9.8699999                      -17.482548
                   9.875                      -16.731561
               9.8800001                      -16.039748
               9.8849993                      -15.399356
               9.8900003                       -14.80402
               9.8950005                      -14.248457
               9.9000006                      -13.728249
               9.9050007                      -13.239676
               9.9099998                      -12.779577
                   9.915                       -12.34526
               9.9200001                      -11.934388
               9.9250002                      -11.544947
               9.9300003                      -11.175173
               9.9349995                       -10.82352
               9.9399996                      -10.488621
               9.9449997                       -10.16927
               9.9499998                      -9.8643799
               9.9549999                      -9.5729851
               9.9599991                      -9.2942149
               9.9650002                      -9.0272783
               9.9700003                      -8.7714626
               9.9750004                      -8.5261142
               9.9800005                      -8.2906378
               9.9850006                      -8.0644839
               9.9899998                      -7.8471514
               9.9949999                      -7.6381721
                      10                      -7.4371131
                  10.005                       -7.243573
                   10.01                      -7.0571782
               10.014999                       -6.877581
                   10.02                      -6.7044519
                  10.025                      -6.5374828
                   10.03                      -6.3763854
                  10.035                      -6.2208874
               10.040001                      -6.0707297
                  10.045                      -5.9256742
                   10.05                      -5.7854863
                  10.055                      -5.6499515
                   10.06                      -5.5188642
               10.065001                      -5.3920253
                   10.07                      -5.2692524
                  10.075                      -5.1503698
                   10.08                      -5.0352097
                  10.085                      -4.9236131
                   10.09                      -4.8154337
               10.094999                      -4.7105228
               10.099999                      -4.6087489
                  10.105                      -4.5099837
                   10.11                      -4.4141063
               10.115001                      -4.3209997
                   10.12                      -4.2305593
                  10.125                      -4.1426788
                   10.13                      -4.0572643
                  10.135                      -3.9742212
                   10.14                      -3.8934645
                  10.145                      -3.8149146
                   10.15                      -3.7384938
                  10.155                      -3.6641289
                   10.16                      -3.5917542
                  10.165                       -3.521304
                   10.17                      -3.4527185
               10.174999                      -3.3859416
               10.179999                      -3.3209188
               10.184999                      -3.2576012
               10.190001                      -3.1959416
               10.195001                      -3.1358934
               10.200001                      -3.0774145
                  10.205                      -3.0204627
                   10.21                      -2.9650014
                  10.215                       -2.910992
                   10.22                      -2.8584003
                  10.225                      -2.8071905
                   10.23                      -2.7573306
                  10.235                      -2.7087874
                   10.24                      -2.6615289
                  10.245                      -2.6155268
                   10.25                      -2.5707462
               10.254999                        -2.52716
               10.259999                      -2.4847389
                  10.265                      -2.4434519
                   10.27                      -2.4032712
               10.275001                      -2.3641656
                   10.28                      -2.3261088
                  10.285                      -2.2890685
                   10.29                      -2.2530172
                  10.295                       -2.217924
                    10.3                      -2.1837622
                  10.305                      -2.1504998
               10.309999                       -2.118109
                  10.315                      -2.0865625
                   10.32                      -2.0558291
                  10.325                      -2.0258793
                   10.33                      -1.9966867
               10.334999                      -1.9682232
                   10.34                      -1.9404591
                  10.345                      -1.9133675
                   10.35                       -1.886923
                  10.355                      -1.8610994
               10.360001                      -1.8358706
                  10.365                      -1.8112122
                   10.37                      -1.7871007
                  10.375                      -1.7635112
                   10.38                      -1.7404239
                  10.385                      -1.7178189
               10.389999                      -1.6956755
                  10.395                       -1.673975
                    10.4                      -1.6526989
                  10.405                       -1.631832
               10.410001                      -1.6113594
                  10.415                      -1.5912671
                   10.42                      -1.5715435
                  10.425                      -1.5521759
                   10.43                      -1.5331545
                  10.435                      -1.5144711
                   10.44                       -1.496116
                  10.445                      -1.4780842
                   10.45                      -1.4603689
                  10.455                      -1.4429647
                   10.46                      -1.4258686
                  10.465                      -1.4090761
               10.469999                      -1.3925855
               10.474999                      -1.3763951
                   10.48                      -1.3605024
               10.485001                      -1.3449064
               10.490001                      -1.3296079
                  10.495                      -1.3146056
                    10.5                      -1.2998992
                  10.505                      -1.2854879
                   10.51                       -1.271372
                  10.515                      -1.2575511
                   10.52                      -1.2440248
                  10.525                      -1.2307911
                   10.53                      -1.2178499
                  10.535                      -1.2052004
                   10.54                      -1.1928394
                  10.545                      -1.1807657
               10.549999                      -1.1689741
               10.554999                      -1.1574634
                   10.56                      -1.1462268
               10.565001                      -1.1352624
               10.570001                      -1.1245624
                  10.575                      -1.1141244
                   10.58                      -1.1039387
                  10.585                      -1.0939992
                   10.59                      -1.0842986
                  10.595                      -1.0748289
               10.599999                      -1.0655817
                  10.605                      -1.0565485
                   10.61                      -1.0477193
                  10.615                      -1.0390857
                   10.62                      -1.0306372
                  10.625                      -1.0223651
               10.629999                      -1.0142607
                  10.635                      -1.0063118
                   10.64                     -0.99850999
                  10.645                     -0.99084573
               10.650001                      -0.9833107
                  10.655                     -0.97589554
                   10.66                     -0.96859115
                  10.665                      -0.9613904
                   10.67                     -0.95428547
                  10.675                     -0.94726947
                   10.68                      -0.9403359
               10.684999                     -0.93347858
                   10.69                     -0.92669223
                  10.695                     -0.91997382
                    10.7                     -0.91331801
               10.705001                     -0.90672474
                   10.71                     -0.90018775
                  10.715                     -0.89370862
                   10.72                      -0.8872848
                  10.725                     -0.88091739
                   10.73                     -0.87460613
                  10.735                     -0.86835318
                   10.74                     -0.86215779
                  10.745                     -0.85602554
                   10.75                     -0.84995561
                  10.755                     -0.84395344
               10.759999                     -0.83802212
               10.764999                     -0.83216496
                   10.77                     -0.82638527
                  10.775                     -0.82068898
               10.780001                     -0.81507822
               10.785001                     -0.80955698
                   10.79                     -0.80413084
                  10.795                     -0.79880162
                    10.8                     -0.79357487
                  10.805                     -0.78845441
                   10.81                     -0.78344039
                  10.815                     -0.77853764
                   10.82                     -0.77374847
                  10.825                     -0.76907326
                   10.83                     -0.76451296
                  10.835                     -0.76007023
                   10.84                     -0.75574391
               10.844999                     -0.75153283
               10.849999                     -0.74743648
                  10.855                     -0.74345437
               10.860001                     -0.73958216
               10.865001                     -0.73581751
                   10.87                     -0.73215806
                  10.875                     -0.72859908
                   10.88                      -0.7251368
                  10.885                     -0.72176517
                   10.89                     -0.71848007
                  10.895                     -0.71527516
                    10.9                     -0.71214446
                  10.905                     -0.70908301
                   10.91                     -0.70608253
                  10.915                     -0.70313888
               10.919999                     -0.70024485
               10.924999                     -0.69739309
                   10.93                     -0.69457898
                  10.935                     -0.69179441
               10.940001                     -0.68903525
               10.945001                     -0.68629458
                   10.95                     -0.68356818
                  10.955                     -0.68085209
                   10.96                     -0.67813908
                  10.965                     -0.67542731
                   10.97                     -0.67271323
               10.974999                     -0.66999449
                   10.98                     -0.66726715
                  10.985                     -0.66452991
                   10.99                     -0.66178406
                  10.995                     -0.65902794
               11.000001                     -0.65626052
                  11.005                     -0.65348433
                   11.01                      -0.6506998
                  11.015                     -0.64790958
                   11.02                     -0.64511661
               11.025001                     -0.64232309
                   11.03                     -0.63953305
                  11.035                     -0.63674932
                   11.04                     -0.63397746
                  11.045                     -0.63122147
                   11.05                     -0.62848587
               11.054999                     -0.62577713
               11.059999                     -0.62309688
                  11.065                     -0.62045302
                   11.07                     -0.61784934
               11.075001                     -0.61528946
                   11.08                     -0.61278076
                  11.085                     -0.61032526
                   11.09                     -0.60792881
                  11.095                     -0.60559401
                    11.1                     -0.60332412
                  11.105                     -0.60112297
                   11.11                     -0.59899169
                  11.115                      -0.5969321
                   11.12                     -0.59494778
                  11.125                     -0.59303697
                   11.13                     -0.59120043
               11.134999                     -0.58943824
               11.139999                     -0.58774862
                  11.145                     -0.58613012
               11.150001                     -0.58458029
               11.155001                     -0.58309683
               11.160001                     -0.58167606
                  11.165                     -0.58031403
                   11.17                     -0.57900636
                  11.175                     -0.57774936
                   11.18                     -0.57653676
                  11.185                     -0.57536367
                   11.19                     -0.57422536
                  11.195                     -0.57311503
                    11.2                     -0.57202681
                  11.205                     -0.57095494
                   11.21                     -0.56989446
               11.214999                     -0.56883826
               11.219999                     -0.56778253
                  11.225                     -0.56671991
                   11.23                     -0.56564731
               11.235001                     -0.56455892
                   11.24                     -0.56345033
                  11.245                     -0.56231931
                   11.25                     -0.56116018
                  11.255                     -0.55997112
                   11.26                      -0.5587512
                  11.265                     -0.55749712
                   11.27                     -0.55620967
                  11.275                     -0.55488695
                   11.28                     -0.55353035
                  11.285                      -0.5521403
                   11.29                     -0.55071834
               11.294999                     -0.54926678
                    11.3                     -0.54778904
                  11.305                     -0.54628726
                   11.31                     -0.54476634
               11.315001                     -0.54322948
               11.320001                     -0.54168257
                  11.325                     -0.54012916
                   11.33                     -0.53857573
                  11.335                      -0.5370278
                   11.34                     -0.53548955
                  11.345                     -0.53396853
               11.349999                     -0.53246891
                  11.355                     -0.53099708
                   11.36                     -0.52955792
                  11.365                     -0.52815645
               11.370001                     -0.52679896
                  11.375                     -0.52548997
                   11.38                     -0.52423204
                  11.385                      -0.5230304
                   11.39                     -0.52188644
                  11.395                     -0.52080569
                    11.4                     -0.51978787
                  11.405                     -0.51883578
                   11.41                     -0.51794891
                  11.415                     -0.51712927
                   11.42                     -0.51637406
                  11.425                     -0.51568376
               11.429999                     -0.51505632
               11.434999                     -0.51448949
                   11.44                     -0.51397983
               11.445001                     -0.51352253
               11.450001                     -0.51311472
                  11.455                     -0.51275135
                   11.46                     -0.51242706
                  11.465                     -0.51213686
                   11.47                     -0.51187491
                  11.475                      -0.5116346
                   11.48                     -0.51140956
                  11.485                     -0.51119361
                   11.49                     -0.51098084
                  11.495                     -0.51076458
                    11.5                     -0.51053828
                  11.505                     -0.51029591
               11.509999                     -0.51003259
               11.514999                     -0.50974189
                   11.52                     -0.50941938
               11.525001                     -0.50906026
               11.530001                      -0.5086609
                  11.535                     -0.50821749
                   11.54                     -0.50772709
                  11.545                     -0.50718915
                   11.55                     -0.50660104
                  11.555                     -0.50596237
               11.559999                     -0.50527252
                  11.565                     -0.50453257
                   11.57                      -0.5037454
                  11.575                     -0.50291211
                   11.58                     -0.50203628
                  11.585                     -0.50112067
               11.589999                     -0.50017085
                  11.595                     -0.49919077
                    11.6                     -0.49818516
                  11.605                      -0.4971609
               11.610001                     -0.49612405
                  11.615                     -0.49508052
                   11.62                     -0.49403733
                  11.625                       -0.493001
                   11.63                     -0.49197898
                  11.635                     -0.49097857
                   11.64                     -0.49000489
                  11.645                     -0.48906631
                   11.65                     -0.48816839
                  11.655                     -0.48731667
                   11.66                     -0.48651739
               11.665001                     -0.48577447
                   11.67                     -0.48509284
                  11.675                     -0.48447696
                   11.68                     -0.48392946
                  11.685                     -0.48345264
               11.690001                     -0.48304836
                  11.695                     -0.48271741
                    11.7                     -0.48245957
                  11.705                     -0.48227439
                   11.71                     -0.48215913
                  11.715                     -0.48211368
               11.719999                     -0.48213315
               11.724999                     -0.48221376
                   11.73                     -0.48235148
                  11.735                     -0.48254049
               11.740001                     -0.48277528
               11.745001                     -0.48304903
                   11.75                     -0.48335591
                  11.755                     -0.48368724
                   11.76                     -0.48403537
                  11.765                     -0.48439433
                   11.77                     -0.48475526
                  11.775                     -0.48510972
                   11.78                     -0.48545043
                  11.785                     -0.48577003
                   11.79                     -0.48606012
                  11.795                      -0.4863149
                    11.8                     -0.48652699
               11.804999                     -0.48669096
               11.809999                     -0.48680115
               11.815001                     -0.48685207
               11.820001                     -0.48684146
               11.825001                      -0.4867643
                   11.83                     -0.48661957
                  11.835                     -0.48640532
                   11.84                      -0.4861216
                  11.845                     -0.48576859
                   11.85                     -0.48534787
                  11.855                     -0.48486099
                   11.86                     -0.48431239
                  11.865                     -0.48370604
                   11.87                     -0.48304596
                  11.875                     -0.48233832
               11.879999                     -0.48159054
               11.884999                     -0.48080907
                   11.89                     -0.48000225
                  11.895                     -0.47917678
               11.900001                     -0.47834226
               11.905001                     -0.47750723
                   11.91                      -0.4766825
                  11.915                      -0.4758736
                   11.92                     -0.47509294
                  11.925                     -0.47434685
                   11.93                     -0.47364591
               11.934999                     -0.47299602
                   11.94                     -0.47240748
                  11.945                     -0.47188627
                   11.95                       -0.471438
                  11.955                     -0.47106947
                   11.96                     -0.47078512
                  11.965                     -0.47058906
                   11.97                      -0.4704835
                  11.975                     -0.47047109
                   11.98                     -0.47055183
               11.985001                     -0.47072679
                   11.99                     -0.47099365
                  11.995                     -0.47135148
                      12                     -0.47179504

